$ 1 0.00001 16.817414165184545 67 5 50 5e-11
R -80 192 -112 192 0 1 40 10 0 0 0.5
a 64 208 176 208 8 15 -15 1000000 0.000004887065668743693 0 100000
g 64 224 64 288 0 0
t 176 208 224 208 0 -1 108.94160848451949 -0.4887065668743693 100 default
g 272 160 272 192 0 0
w 272 160 224 160 0
w 224 160 224 192 0
w 176 144 176 112 0
d 176 112 64 112 2 default
d 64 144 176 144 2 default
w 64 112 64 144 0
w 64 144 64 192 0
r -80 192 0 192 0 1000
r 224 272 224 352 0 40000
w 224 224 224 272 0
r 336 272 384 272 0 10000
t 368 96 416 96 0 -1 89.90898679941567 -0.5558231062975096 100 default
t 368 96 320 96 0 -1 0 -0.5558231062975096 100 default
w 368 48 320 48 0
w 320 48 320 80 0
w 368 48 416 48 0
w 416 48 416 80 0
w 368 96 368 128 0
w 368 128 320 128 0
w 320 128 320 112 0
w 288 272 224 272 0
r 320 128 320 208 0 1000000
w 320 208 320 352 0
w 224 352 320 352 0
w 320 352 368 352 0
w 368 352 400 352 0
t 384 272 416 272 0 1 -125.01269314629904 0.5514903202944481 100 default
w 416 288 416 352 0
w 416 352 400 352 0
r 416 112 416 176 0 10000
r 416 176 416 256 0 10000
w 336 272 288 272 0
t 480 128 512 128 0 1 -92.6162260872884 0.6265871163793406 100 default
t 480 240 512 240 0 -1 127.3837739127116 0.6265871163793406 100 default
w 416 176 480 176 0
w 480 176 480 128 0
w 480 176 480 240 0
w 512 112 512 48 0
w 512 48 416 48 0
w 512 256 512 352 0
w 512 352 416 352 0
w 512 192 544 192 0
w 544 192 544 -32 0
w 544 -32 64 -32 0
r 64 112 64 -32 0 5000
w 512 144 512 192 0
w 512 192 512 224 0
w 544 192 592 192 0
w 176 144 176 208 0
O 592 192 656 192 0 0
w 64 192 0 192 0
r 0 240 -80 240 0 1900
R -80 240 -112 240 0 0 40 -15 0 0 0.5
w 0 240 0 192 0
v 800 192 800 128 0 0 40 110 0 0 0.5
v 800 272 800 192 0 0 40 110 0 0 0.5
g 800 192 864 192 0 0
w 800 128 800 -80 0
w 800 -80 368 -80 0
w 368 -80 368 48 0
w 800 272 800 416 0
w 800 416 368 416 0
w 368 352 368 416 0
x 838 239 1020 269 4 24 2x\sIHB120-0.2,\s\\n100-135V\ssource
o 54 16 0 x81012 160 0.1 0 3 30 0 0 0 10 0 0 3 0.05 0
o 9 64 0 4099 320 0.000390625 1 4 56 0 26 0 26 3
